0 0 0 0 0 0 0 0 0 0 0 0 0 0 0 0 0 0 0 0 0 0 0 0 0 0 0 0 0 0 0 0 0 0 0 0 0 0 0 0 0 0 0 0 0 0 0 0 0 0 0 0 0 0 0 0 0 0 0 0 0 0 0 0 0 0 0 0 0 0 0 0 0 0 0 0 0 0 0 0 0 0 0 0 0 0 0 0 0 0 0 0 0 0 0 0 0 0 0 0 0 0 0 0 0 0 0 0 0 0 0 0 0 0 0 0 0 0 0 0 0 0 0 0 0 12 0 0 0 0 0 0 0 0 0 0 0 0 0 0 0 0 0 0 0 0 0 0 0 0 0 0 0 0 0 0 0 0 0 0 0 0 0 0 0 0 0 0 0 0 0 0 0 0 0 0 0 0 0 0 0 0 0
0 0 0 0 0 0 0 0 0 0 0 0 0 0 0 0 0 0 0 0 0 0 0 0 0 0 0 0 0 0 0 0 0 0 0 0 0 0 0 0 0 0 0 0 0 0 0 0 0 0 0 0 0 0 0 0 0 0 0 0 0 0 0 0 0 0 0 0 0 0 0 0 10 10 10 11 11 0 0 0 0 0 0 0 0 0 0 0 0 0 0 0 0 0 0 0 0 0 0 0 0 0 0 0 0 0 0 0 0 0 0 0 0 14 0 0 0 0 0 0 0 12 12 12 12 13 13 0 0 0 0 0 0 0 0 0 0 0 0 0 0 0 0 0 0 0 0 0 0 0 0 0 0 0 0 0 0 0 0 0 0 0 0 0 0 0 0 0 0 0 0 0 0 0 0 0 0 0 0 0 0 0 0
0 0 0 0 0 0 0 0 0 0 0 0 0 0 0 0 0 0 0 0 0 0 0 0 0 0 0 0 0 0 0 0 0 0 0 0 0 0 0 0 0 13 13 12 13 14 12 0 0 0 0 0 0 0 10 0 0 0 0 0 0 0 0 0 0 0 0 0 10 10 10 10 8 7 8 8 8 0 0 0 0 0 11 9 9 9 9 9 9 0 0 0 0 0 0 0 8 8 0 0 0 0 0 0 0 0 0 0 0 0 0 0 0 11 13 13 13 13 13 0 12 10 11 11 12 11 13 12 11 0 0 0 0 0 0 0 0 0 0 13 0 0 0 0 0 0 0 0 0 0 0 0 0 0 0 0 0 0 0 0 0 0 0 0 0 0 0 0 0 0 0 0 0 0 0 0 0 0 0 0 0 0 0
0 0 0 0 0 0 0 0 0 0 0 0 0 0 0 0 0 0 0 0 0 0 0 0 0 0 0 0 0 0 0 0 0 0 13 13 14 15 13 13 13 15 15 14 12 12 12 12 0 13 13 14 14 15 10 11 12 12 0 0 0 0 0 0 0 9 9 10 10 9 9 9 8 8 7 8 8 11 11 11 11 11 17 17 17 7 7 7 7 9 9 8 8 7 7 7 10 9 8 8 8 8 8 8 8 8 8 8 9 9 9 14 14 11 11 11 12 12 11 12 10 17 17 19 20 10 16 13 13 11 11 10 12 11 10 10 9 10 13 18 13 12 13 13 13 0 0 0 0 0 0 0 0 0 0 0 0 0 0 0 0 0 0 0 0 0 0 0 0 0 0 0 0 0 0 0 0 0 0 0 0 0 0
0 0 0 0 0 0 0 0 0 0 0 0 0 0 0 0 0 0 0 0 0 24 0 0 0 0 17 17 18 19 15 14 13 13 23 17 19 20 20 18 17 10 13 13 13 13 10 12 12 10 10 10 10 10 12 10 11 10 14 14 14 14 0 14 8 9 10 10 9 9 9 9 8 8 8 8 9 14 15 15 16 16 25 26 26 10 10 9 9 7 7 8 8 8 8 9 14 14 9 9 9 9 9 10 10 10 11 10 9 10 9 10 10 19 31 30 29 28 18 10 16 10 9 9 10 10 11 18 20 32 30 28 26 21 17 16 17 18 19 10 17 18 19 20 20 15 14 0 0 14 14 19 21 20 0 0 0 0 0 0 0 0 0 0 0 0 0 0 0 0 0 0 0 0 0 0 0 0 0 0 0 0 0
0 0 0 0 0 0 0 0 0 0 0 0 0 0 0 0 0 0 0 22 23 23 26 26 20 20 19 17 21 20 25 27 29 31 9 9 9 10 10 10 10 9 9 8 8 8 7 11 11 11 11 12 12 12 9 24 24 28 11 10 11 10 14 10 10 12 11 9 10 9 8 8 10 11 11 10 10 8 8 8 8 25 9 10 10 28 29 31 10 19 16 16 15 15 15 14 11 9 14 14 13 13 14 15 15 18 18 17 16 17 17 18 11 9 8 8 8 8 8 18 9 9 9 9 10 9 11 22 21 20 19 19 18 16 14 9 9 9 9 13 9 10 11 12 13 19 20 14 14 35 32 31 29 29 19 19 20 20 28 29 0 0 0 0 0 0 0 0 0 0 0 0 0 0 0 0 0 0 0 0 0 0 0
0 0 0 0 0 0 0 0 0 0 0 0 0 0 0 0 0 0 20 14 22 19 26 27 28 28 8 8 8 7 7 7 8 8 8 8 9 9 9 8 9 7 10 10 11 12 12 7 11 7 7 7 7 8 8 8 8 8 33 35 36 36 9 39 40 21 19 19 8 9 10 11 9 9 9 10 11 9 9 8 9 9 9 9 8 11 11 13 37 32 32 32 31 29 28 26 11 9 8 7 7 7 7 8 8 18 19 19 20 21 21 22 23 11 10 11 10 11 11 9 10 7 7 7 8 8 10 11 11 11 11 11 10 9 8 9 9 10 11 8 13 12 11 10 9 21 20 40 38 14 14 14 14 14 25 23 20 16 13 13 27 24 21 19 18 0 0 0 0 24 0 0 0 37 0 0 0 0 0 0 0 0 0
0 13 0 0 0 0 0 0 35 23 28 28 28 25 27 29 24 21 8 16 19 10 19 19 18 7 7 8 8 8 8 8 8 7 7 7 7 7 7 7 7 7 13 16 16 16 16 13 7 26 26 26 22 21 20 11 10 9 10 9 9 10 39 24 12 11 11 12 11 11 9 9 10 11 13 14 18 10 9 8 9 9 17 16 13 8 8 7 7 7 7 7 7 8 8 8 8 8 9 8 8 8 8 8 7 7 7 7 8 8 9 9 9 19 24 24 25 25 25 11 11 17 17 12 7 7 8 8 8 16 15 15 9 9 9 9 9 9 8 7 19 19 19 30 30 36 57 54 52 26 26 20 18 9 8 8 8 8 8 8 8 8 16 16 23 18 28 26 25 9 23 22 21 8 42 0 0 0 0 0 8 7 0
0 8 44 46 47 49 54 56 23 14 15 18 19 20 25 26 25 38 40 23 22 12 10 10 11 13 15 15 15 14 13 13 11 12 14 11 11 10 10 10 9 7 7 7 7 8 15 32 57 29 17 17 17 16 21 28 29 30 32 32 34 34 47 13 13 13 13 13 13 13 9 8 8 8 9 9 10 42 42 41 41 38 16 13 8 13 14 15 15 14 13 12 11 10 10 10 10 11 14 14 14 11 11 12 12 13 13 16 16 16 16 19 19 9 16 16 16 16 16 45 33 14 7 7 9 10 11 12 13 15 16 14 36 35 34 34 34 30 29 25 22 24 25 27 30 33 12 11 12 11 12 13 13 15 18 18 18 17 19 18 18 19 19 19 27 51 50 49 46 31 29 28 25 9 14 55 54 53 46 45 30 15 0
-
0 0 0 0 0 0 0 0 0
0 0 0 0 0 0 0 0 0
0 0 0 0 0 0 0 0 0
0 0 0 0 0 0 0 0 0
0 0 0 0 0 0 0 0 0
0 0 0 0 0 0 0 0 0
0 0 0 0 0 0 0 0 0
0 0 0 0 0 0 0 0 8
0 0 0 0 0 0 0 33 18
0 0 0 0 0 0 0 0 61
0 0 0 0 0 0 0 0 65
0 0 0 0 0 0 0 0 67
0 0 0 0 0 0 0 0 71
0 0 0 0 0 0 0 0 74
0 0 0 0 0 0 0 0 77
0 0 0 0 0 0 0 0 80
0 0 0 0 0 0 18 28 20
0 0 0 0 0 0 19 16 19
0 0 0 0 0 0 0 20 20
0 0 0 0 0 0 0 22 22
0 0 0 0 0 0 0 23 23
0 0 0 0 0 0 0 24 25
0 0 0 0 0 0 0 15 17
0 0 0 0 0 0 16 11 19
0 0 0 0 0 0 17 13 19
0 0 0 0 0 0 18 19 19
0 0 0 0 0 0 19 38 20
0 0 0 0 0 0 13 49 21
0 0 0 0 0 0 13 53 18
0 0 0 0 0 0 14 55 17
0 0 0 0 0 0 16 59 18
0 0 0 0 0 0 13 63 14
0 0 0 0 0 13 41 20 14
0 0 0 0 0 13 30 21 15
0 0 0 0 13 20 10 19 16
0 0 0 0 13 21 12 18 17
0 0 0 0 13 20 15 18 14
0 0 0 0 13 18 23 18 14
0 0 0 0 15 19 27 17 14
0 0 0 0 12 19 30 18 14
0 0 0 0 12 19 30 19 15
0 0 0 0 11 17 29 17 13
0 0 0 0 11 17 27 17 13
0 0 0 0 11 16 24 16 12
0 0 0 0 11 15 20 16 11
0 0 0 0 10 14 22 15 11
0 0 0 0 11 12 23 14 11
0 0 0 0 11 13 29 14 11
0 0 0 0 11 12 30 13 12
0 0 0 0 11 12 31 15 12
0 0 0 0 12 10 31 15 13
0 0 0 10 10 14 10 17 13
0 0 0 9 10 9 9 18 13
0 0 0 9 10 9 8 18 14
0 0 0 10 10 9 11 20 11
0 0 0 10 10 7 12 21 11
0 0 9 10 7 13 9 12 11
0 0 10 10 7 9 8 12 11
0 0 9 10 7 9 8 12 11
0 0 10 10 7 9 9 11 12
0 0 10 10 7 9 9 11 13
0 0 11 9 7 9 10 11 13
0 0 0 12 9 7 23 10 14
0 0 0 12 9 8 22 9 14
0 0 0 12 8 8 22 10 16
0 0 0 13 9 8 18 9 16
0 0 0 11 7 14 17 10 16
0 0 0 10 7 19 17 10 16
0 0 0 9 7 25 16 11 16
0 0 0 9 8 29 14 11 11
0 0 0 9 8 31 12 11 12
0 0 9 8 16 34 15 10 12
0 8 8 16 35 16 7 10 12
0 8 8 16 22 12 28 9 12
0 8 7 21 15 13 34 10 12
0 0 0 8 45 13 42 9 12
0 0 0 0 0 9 44 69 12
0 0 0 0 0 9 44 70 12
0 0 0 0 9 44 32 36 13
0 0 0 0 10 45 32 34 14
0 0 0 0 10 44 30 32 14
0 0 10 24 18 30 9 20 15
0 0 10 26 14 30 8 19 16
0 10 26 10 8 13 9 17 11
0 11 10 10 8 10 10 18 10
0 14 9 11 8 9 11 17 9
0 11 7 11 10 8 13 17 9
0 11 7 11 11 9 15 16 9
0 0 11 7 11 11 28 15 9
0 0 11 8 12 12 28 21 7
0 0 10 8 12 13 27 21 7
0 0 10 8 12 15 26 22 7
0 0 9 8 15 18 25 23 7
0 0 7 8 16 22 21 24 7
0 0 0 7 8 43 17 25 8
0 0 0 7 8 40 11 30 8
0 0 0 7 8 40 18 9 8
0 0 0 0 7 21 38 18 8
0 0 0 0 7 25 36 18 8
0 0 0 0 7 28 34 19 8
0 0 0 0 0 7 68 19 8
0 0 0 0 0 7 61 22 7
0 0 0 0 7 50 19 22 7
0 0 0 0 7 52 19 25 8
0 0 0 7 8 43 20 26 8
0 0 0 0 8 41 19 26 8
0 0 0 0 8 38 20 26 8
0 0 0 0 8 26 20 27 8
0 0 0 0 8 25 27 27 8
0 0 0 8 13 25 30 27 7
0 0 0 8 32 55 11 8 7
0 0 0 7 32 51 11 8 7
0 0 8 34 49 9 11 8 8
0 0 0 8 34 45 25 8 8
0 0 0 8 36 41 25 8 8
0 0 0 8 37 27 25 8 8
0 0 8 8 28 19 20 7 8
0 0 0 8 8 14 20 7 8
0 0 0 0 7 8 14 20 17
0 0 0 0 7 8 15 20 17
0 0 0 0 8 8 15 25 17
0 0 0 8 8 18 18 9 17
0 0 0 11 8 18 18 9 17
0 0 0 12 8 20 18 9 17
0 0 0 14 8 22 18 9 11
0 0 0 15 8 22 18 10 10
0 0 0 0 15 8 31 38 8
0 0 0 0 23 33 23 17 8
0 0 0 17 7 26 14 21 8
0 0 0 17 7 25 14 21 9
0 0 0 19 7 23 14 21 9
0 0 0 18 7 23 15 21 9
0 0 17 7 25 15 7 8 10
0 0 15 7 26 17 7 9 10
0 0 14 16 22 20 7 9 10
0 0 13 22 15 20 7 9 10
0 12 8 9 15 25 7 9 10
0 11 8 9 15 25 7 9 10
0 11 9 9 17 25 7 8 11
0 11 9 10 18 27 7 9 12
0 0 9 9 10 48 7 9 13
0 0 9 9 10 50 7 9 12
0 0 9 9 10 50 7 9 13
0 9 8 10 35 13 8 9 13
9 8 10 12 21 15 8 9 14
13 8 10 12 18 10 8 10 14
14 8 9 10 16 7 8 9 14
15 8 9 10 14 7 8 10 14
16 7 9 10 13 7 8 10 15
16 7 10 11 7 7 9 10 15
0 0 0 17 20 11 12 21 14
0 0 0 16 16 11 7 22 14
0 0 0 14 17 12 8 22 13
0 0 0 14 17 11 8 23 13
0 0 0 12 17 9 8 21 12
0 0 13 24 8 8 12 9 13
0 0 15 24 8 8 12 8 13
0 0 16 24 8 9 13 8 12
0 0 15 24 9 9 13 8 12
0 0 0 0 0 59 24 7 13
0 0 0 0 0 27 30 21 21
0 0 0 0 0 26 30 20 20
0 0 0 0 0 23 29 19 20
0 0 0 0 0 21 28 18 18
0 0 0 0 0 20 26 18 18
0 0 0 0 0 19 24 18 17
0 0 0 0 0 0 8 21 16
0 0 0 0 0 0 11 7 15
0 0 0 0 0 0 0 0 12
0 0 0 0 0 0 0 0 11
0 0 0 0 0 0 0 0 9
0 0 0 0 0 0 0 0 7
0 0 0 0 0 0 0 0 0
0 0 0 0 0 0 0 0 0
0 0 0 0 0 0 0 0 0
0 0 0 0 0 0 0 0 0
0 0 0 0 0 0 0 0 0
0 0 0 0 0 0 0 0 0
0 0 0 0 0 0 0 0 0
0 0 0 0 0 0 0 0 0
0 0 0 0 0 0 0 0 0
0 0 0 0 0 0 0 0 0
0 0 0 0 0 0 0 0 0
