50
2 -30 -4 -54 -47 -31 -50 -28 -3 -44 -14 -32 12 -15 11 14 -1 -7 -21 15 -1 33 17 34 9 2 17 36 38 31 50 47 39 36 44 36 56 40 48 49 58 64 58 65 63 69 82 69 85 85 87 85 93 87 94 95 99 102 101 106 110 111 111 114 118 121 123 125
33 39 19 43 50 52 24 27 32 32 38 61 64 59 52 65 73 60 64 69 66 73 86 83 91 82 92 88 91 100 97 97 106 108 105 108 112 116 117 121 123 125
26 12 9 12 35 14 26 30 40 45 28 42 37 45 63 47 51 66 58 77 57 80 72 80 80 83 88 84 92 94 87 101 98 98 100 104 105 111 112 114 117 120 123 125
27 3 33 24 36 6 14 40 43 34 21 26 36 32 31 48 45 64 60 44 56 52 61 75 58 62 81 75 86 76 83 92 81 84 95 93 94 102 100 103 108 110 112 114 117 121 123 125
-17 8 -10 -1 5 -19 -42 -43 -45 -60 -23 -49 -24 -37 -23 -21 -6 -14 -26 -13 -9 6 11 18 26 17 29 34 20 39 19 16 19 29 41 36 48 25 33 30 60 45 42 60 47 47 58 74 71 75 73 72 68 79 76 79 84 88 97 89 98 95 102 103 108 110 109 115 114 117 120 123 125
119 120 123 125
-33 -21 -30 -37 -34 -48 -47 -58 -2 -13 -49 3 6 -12 -35 -36 6 20 10 -13 -6 -14 16 19 3 24 39 8 42 38 17 38 22 18 38 36 32 50 37 61 43 45 66 56 68 62 73 69 78 70 69 81 77 84 88 95 98 96 103 101 99 105 106 112 111 117 117 121 123 125
3 25 37 29 38 25 18 50 50 31 38 62 45 61 68 70 71 64 69 63 62 82 71 72 88 78 79 95 95 96 98 93 96 99 105 108 109 112 115 118 120 123 125
31 38 34 29 53 51 42 44 50 62 68 71 71 64 72 59 75 76 77 74 77 87 90 94 88 91 92 95 100 100 102 107 109 112 114 117 121 123 125
11 2 28 15 18 26 33 27 32 48 48 38 43 31 32 44 36 51 52 66 46 66 57 62 62 66 73 71 83 74 82 93 88 87 99 95 94 100 102 109 105 111 111 116 119 121 123 125
72 81 78 90 84 83 91 92 95 96 100 102 102 107 112 111 115 119 121 123 125
-10 -6 7 -10 29 30 2 -4 -7 36 -41 19 -16 4 -46 22 -32 -14 -44 -49 -50 -34 -34 8 -36 -15 -49 -18 -4 -51 -36 2 -22 1 -27 -13 -11 12 -15 12 9 -16 9 -7 7 24 23 20 4 36 24 27 46 37 49 38 50 57 33 33 52 41 56 43 50 61 65 55 62 64 79 80 69 73 87 93 94 86 99 96 101 103 106 106 106 111 113 114 119 121 123 125
91 101 98 100 99 105 108 113 112 114 117 120 123 125
-29 0 36 -25 -27 -25 -2 -23 -3 29 -13 -20 -14 -36 -7 -24 19 -32 -30 -44 -12 -32 -32 -34 -50 -33 0 -20 -7 -20 -11 -1 -34 -24 14 -30 -7 -20 -22 -6 4 14 24 -4 13 22 24 36 41 34 46 17 47 32 27 27 45 42 45 45 56 71 70 58 55 77 81 63 85 77 72 90 83 83 90 96 94 102 103 103 107 108 111 114 117 119 121 123 125
-9 -5 -15 22 24 46 51 -35 27 47 36 6 36 -20 30 -4 30 21 -7 -17 -37 -9 -13 11 -6 -33 -47 -49 -7 -24 -32 -6 -58 -51 -39 -33 -10 -8 -25 11 -22 15 8 -30 -7 -13 -12 -5 -10 -3 8 35 10 14 15 26 33 45 26 18 50 34 59 46 33 44 61 45 59 48 68 62 75 78 78 75 70 74 87 93 85 97 92 98 93 100 100 108 106 113 112 115 117 120 123 125
64 68 61 77 68 64 63 74 72 85 83 84 94 95 89 95 98 101 106 103 111 110 115 116 118 120 123 125
96 96 100 109 107 109 114 114 119 120 123 125
-43 -27 -25 -3 -40 -45 -28 -42 -25 -5 -17 -28 -19 -3 14 -7 10 23 -6 16 7 38 27 25 15 46 34 23 43 29 38 55 57 62 45 64 57 53 73 74 73 61 64 75 84 89 78 91 95 95 88 95 93 98 103 106 107 108 111 114 119 120 123 125
41 45 29 60 42 57 52 65 61 71 70 65 74 75 79 67 73 83 77 90 84 95 89 100 96 103 101 104 110 109 115 114 117 120 123 125
-35 12 -32 -45 -43 -13 -35 8 8 -18 0 -17 -11 -38 -42 0 -27 -22 -28 10 -21 -5 -29 0 4 -23 9 -11 19 5 23 -6 14 17 32 30 13 17 14 32 53 26 32 44 56 44 50 54 64 71 62 52 61 75 75 83 75 77 77 78 78 85 85 89 91 100 96 101 109 105 113 111 116 119 121 123 125
41 -4 -18 -7 15 14 15 -31 33 -5 21 -22 23 1 -12 -20 -26 -53 -27 -15 -47 -54 -5 -51 -32 -12 -18 -36 -16 -44 -47 -15 -15 2 -12 19 -13 2 -3 -9 -11 1 -3 22 35 13 20 31 35 21 19 19 40 27 39 37 42 50 64 41 68 67 60 55 58 75 75 71 73 73 85 84 80 81 94 94 94 95 102 102 109 109 109 111 115 117 120 123 125
52 63 70 60 78 79 75 86 75 82 91 89 86 89 100 102 105 105 102 107 112 111 114 117 121 123 125
2 -37 -16 -12 -20 11 1 9 2 -19 -4 -11 27 11 15 22 30 41 21 43 43 33 51 44 28 55 46 42 49 62 41 67 54 52 56 73 60 80 79 78 69 79 79 88 82 94 90 100 96 105 102 103 107 113 111 114 117 121 123 125
17 46 49 32 21 46 53 37 53 52 59 63 65 55 75 67 61 65 78 71 78 75 89 80 82 91 95 98 97 101 102 104 111 110 113 114 118 121 123 125
73 68 67 87 78 85 80 94 84 91 96 100 101 101 109 108 113 114 116 117 121 123 125
73 73 79 82 85 89 88 93 89 101 103 98 105 105 105 113 111 117 119 121 123 125
115 117 120 123 125
110 113 111 115 118 121 123 125
34 40 47 48 22 36 55 27 36 50 36 51 67 68 60 67 65 76 58 78 74 73 83 87 86 82 93 89 94 95 102 103 107 106 110 112 114 116 118 121 123 125
-51 -29 -55 -33 0 -29 -41 -42 -40 -19 8 1 -31 19 7 22 21 20 16 3 17 24 14 22 31 19 47 33 26 31 39 44 56 58 54 38 47 54 58 52 55 69 65 72 81 69 87 89 83 87 82 88 94 93 98 104 104 105 111 110 113 115 119 120 123 125
12 -49 -47 -40 1 -44 -44 -34 -28 -52 -28 -14 -34 -33 1 -17 -32 5 15 -14 22 -6 -16 3 -1 14 3 14 40 34 31 14 14 40 50 54 42 56 44 40 47 55 53 50 55 54 71 61 78 78 74 75 82 86 85 93 84 96 91 96 100 104 102 111 109 114 117 119 120 123 125
-45 -18 -3 -22 1 -43 -41 -29 -40 -8 -34 -21 -25 13 19 -8 -17 19 -15 20 5 31 15 27 -2 10 17 30 26 12 32 40 24 36 58 38 63 54 67 46 58 53 64 71 66 69 77 69 71 86 86 83 82 92 88 91 102 104 100 109 108 112 114 116 118 121 123 125
79 79 77 78 91 95 94 91 100 99 103 108 108 110 114 117 118 121 123 125
31 -1 27 4 14 39 11 10 42 38 23 33 34 32 57 41 52 57 58 59 61 75 73 58 70 64 76 87 83 79 89 92 97 98 95 95 96 102 102 110 112 113 116 117 120 123 125
32 11 32 42 14 33 43 29 46 25 47 40 41 57 56 65 61 60 52 68 70 72 68 73 84 86 81 81 84 96 96 93 103 104 103 109 105 110 113 114 119 120 123 125
-45 -55 3 -30 -9 -12 13 -38 15 -10 -22 -18 4 4 15 8 3 27 9 35 31 40 43 27 27 42 31 22 49 59 50 60 55 63 54 68 52 68 70 71 71 79 72 74 85 91 93 84 92 89 98 101 105 102 109 109 113 111 114 118 120 123 125
84 92 94 95 101 101 108 109 110 114 114 117 121 123 125
-33 6 7 -21 34 9 30 22 6 -25 -47 -36 -51 -36 -23 -7 -6 -26 -50 -4 -7 0 -45 -54 -17 -10 -35 9 -15 -15 2 -9 9 -2 -14 -17 6 20 18 33 7 7 36 16 39 20 12 44 30 33 57 45 32 60 55 47 60 48 48 67 69 63 63 75 79 86 81 75 78 92 84 96 90 95 103 103 104 111 109 114 115 119 120 123 125
13 19 5 5 23 -2 2 18 27 28 5 39 17 35 33 44 45 53 49 44 43 57 54 69 60 67 60 63 69 70 83 78 84 72 78 91 87 89 98 91 101 102 101 106 107 113 113 117 118 120 123 125
114 119 121 123 125
76 68 77 87 86 84 83 91 94 87 95 96 99 104 102 107 109 114 115 117 121 123 125
19 0 21 24 7 27 18 44 15 45 26 21 42 55 55 41 58 50 45 56 66 67 70 73 78 65 65 78 81 82 82 80 84 86 87 98 101 102 99 109 109 110 111 117 117 120 123 125
31 33 11 11 24 24 17 44 34 29 24 44 34 40 65 51 49 64 58 64 74 61 72 64 83 76 87 84 89 83 92 91 91 96 98 105 107 109 113 113 115 118 120 123 125
19 27 34 17 -38 -35 14 -33 -31 29 -9 -22 -2 -15 1 -25 6 -23 15 -9 -17 -36 -3 -13 -38 -35 -46 -57 -21 5 -20 -37 1 8 -33 -30 13 -14 -5 -4 -7 11 -2 8 -1 34 16 15 26 9 26 36 46 52 34 50 55 53 63 51 54 70 65 60 61 70 64 83 81 72 78 78 78 92 91 98 90 100 99 101 108 109 113 112 115 119 121 123 125
-50 -55 -16 -19 8 -9 -31 -39 -16 -14 -20 -24 11 -16 -11 -3 6 -6 29 25 15 11 41 23 25 27 38 25 47 30 58 54 47 43 51 56 68 64 70 67 65 75 73 77 80 91 83 89 97 98 96 97 101 107 102 108 110 113 114 118 120 123 125
23 -18 -37 -50 -8 -19 0 -47 -10 -36 -6 -18 -56 -4 -26 -10 -51 -28 -31 -14 13 5 -27 -10 -8 -24 8 18 -6 24 -3 13 26 4 15 8 46 33 51 21 36 24 55 53 57 46 65 68 63 66 63 65 64 69 67 71 78 74 85 88 89 87 89 96 93 102 99 102 110 109 113 116 119 121 123 125
19 12 29 45 50 51 49 36 43 46 41 68 46 49 70 69 57 60 71 77 73 82 86 91 95 84 88 97 97 105 107 104 111 111 114 115 119 121 123 125
-10 -24 2 -36 -32 38 20 -28 18 22 -13 -33 -14 -49 -21 -32 -1 10 -55 -43 -33 -45 -15 -6 -42 -10 -44 -52 -15 -28 -10 2 -6 -11 -26 -30 10 -12 18 -8 25 4 10 -3 39 19 5 14 21 43 45 52 55 33 48 44 38 42 47 67 50 64 64 59 79 69 76 76 73 85 76 86 94 97 93 101 100 104 99 106 110 110 114 114 118 121 123 125
-25 35 -23 -45 -19 13 -41 -14 -23 -34 -30 -25 -46 0 -35 1 -8 -2 -25 -14 -59 -9 0 -17 1 -31 -33 -29 -6 -31 -2 -16 14 -15 -9 12 10 5 -4 6 0 8 9 19 34 44 37 27 54 44 41 41 57 45 49 56 62 69 62 66 60 65 78 77 81 90 81 90 97 89 94 94 97 101 109 106 109 113 115 117 121 123 125
71 71 80 82 78 88 84 85 90 94 103 105 101 102 109 113 112 116 118 120 123 125
